 <pre>

 Contingency table for Low clouds (octas)
 Selection: ALL    625 stations
Period: 20220816-20220831
Used {00,03,...,21} + 00 01 ... 09
 Limits    1.00000000       2.00000000       3.00000000       4.00000000       5.00000000       6.00000000       7.00000000    
 Each class is data <= limit, the very last > last limit
 Total number of values      415247
                                              OBSERVATION
                                 179174    13973    10105     6862     6456     5601     9087    15597 |    246855
                                   7177     1583     1408     1051     1147     1094     2020     3422 |     18902
                                   4586     1083     1093      840      855      791     1554     2596 |     13398
                  Prod_Stratus     3964      994     1032      779      777      762     1475     2321 |     12104
                                   3601     1065     1133      809      940      854     1584     2605 |     12591
                                   3542     1123     1195      972     1090     1039     2008     3249 |     14218
                                   4235     1455     1546     1265     1481     1476     3172     5338 |     19968
                                   8943     4008     4577     3945     4650     5307    13786    31995 |     77211

                    SUM          215222    25284    22089    16523    17396    16924    34686    67123 |    415247
                                              OBSERVATION
                                 179935    14161    10217     6966     6552     5703     9249    15878 |    248661
                                   7332     1589     1504     1104     1160     1080     2073     3559 |     19401
                                   4600     1112     1058      864      878      843     1595     2641 |     13591
                       Prod_EC     4076     1042     1058      780      852      818     1567     2473 |     12666
                                   3535     1075     1157      840      945      866     1697     2793 |     12908
                                   3414     1103     1183      941     1116     1068     2120     3415 |     14360
                                   4035     1412     1557     1263     1477     1490     3240     5634 |     20108
                                   8295     3790     4355     3765     4416     5056    13145    30730 |     73552

                    SUM          215222    25284    22089    16523    17396    16924    34686    67123 |    415247
                                              OBSERVATION
                                 182028    14837    10727     7434     7288     6403    10831    19706 |    259254
                                   6862     1510     1428     1135     1165     1056     2160     3899 |     19215
                                   4449     1017     1125      828      768      841     1528     2931 |     13487
                        cyc_2h     3764     1007     1049      804      766      749     1520     2635 |     12294
                                   3306     1017     1076      852      892      820     1628     2897 |     12488
                                   3242     1050     1124      893     1051      963     2047     3410 |     13780
                                   3908     1314     1602     1136     1376     1384     3067     5298 |     19085
                                   7663     3532     3958     3441     4090     4708    11905    26347 |     65644

                    SUM          215222    25284    22089    16523    17396    16924    34686    67123 |    415247
                                              OBSERVATION
                                 182709    14977    10846     7505     7317     6348    10749    19849 |    260300
                                   6738     1420     1485     1122     1114     1019     2070     3832 |     18800
                                   4184     1059     1093      831      781      826     1612     2845 |     13231
                        cyc_3h     3726      983     1068      762      862      760     1515     2614 |     12290
                                   3325      939     1021      814      881      913     1655     2798 |     12346
                                   3305     1091     1171      886     1036      930     2008     3345 |     13772
                                   3791     1341     1480     1191     1360     1430     3058     5423 |     19074
                                   7444     3474     3925     3412     4045     4698    12019    26417 |     65434

                    SUM          215222    25284    22089    16523    17396    16924    34686    67123 |    415247

