 <pre>

 Contingency table for clouds <7500m (octas)
 Selection: ALL    203 stations
Period: 20220816-20220831
Used {00,03,...,21} + 00 01 ... 09
 Limits    1.00000000       2.00000000       3.00000000       4.00000000       5.00000000       6.00000000       7.00000000    
 Each class is data <= limit, the very last > last limit
 Total number of values      170758
                                              OBSERVATION
                                  38784     3593     3525     2532     2802     2215     5451     8072 |     66974
                                   2680      517      692      528      763      607     1929     2249 |      9965
                                   1991      421      614      460      661      475     1863     1988 |      8473
                  Prod_Stratus     1704      451      627      455      730      547     2155     2225 |      8894
                                   1370      352      599      398      726      548     2342     2507 |      8842
                                   1247      340      531      423      727      608     2822     3205 |      9903
                                   1619      439      635      567     1126      815     4266     5868 |     15335
                                   2395      733     1215      847     1941     1573    11345    22323 |     42372

                    SUM           51790     6846     8438     6210     9476     7388    32173    48437 |    170758
                                              OBSERVATION
                                  38938     3635     3571     2604     2798     2243     5544     8266 |     67599
                                   2753      527      713      504      843      607     1939     2324 |     10210
                                   2029      443      629      449      683      529     1997     2095 |      8854
                       Prod_EC     1757      422      630      465      751      530     2159     2390 |      9104
                                   1400      352      576      433      729      562     2424     2672 |      9148
                                   1203      360      551      413      779      621     3002     3448 |     10377
                                   1537      424      667      548     1099      835     4467     5955 |     15532
                                   2173      683     1101      794     1794     1461    10641    21287 |     39934

                    SUM           51790     6846     8438     6210     9476     7388    32173    48437 |    170758
                                              OBSERVATION
                                  38523     3614     3511     2500     2740     2204     5720     8938 |     67750
                                   2716      541      718      538      786      615     2084     2490 |     10488
                                   2170      445      577      485      684      581     1858     2134 |      8934
                        cyc_2h     1803      452      609      478      763      541     2142     2518 |      9306
                                   1427      349      590      452      739      536     2351     2702 |      9146
                                   1364      395      598      422      776      623     2762     3421 |     10361
                                   1587      404      728      527     1092      803     4379     5907 |     15427
                                   2200      646     1107      808     1896     1485    10877    20327 |     39346

                    SUM           51790     6846     8438     6210     9476     7388    32173    48437 |    170758
                                              OBSERVATION
                                  38741     3593     3580     2508     2919     2248     5752     9146 |     68487
                                   2744      554      715      565      766      585     2093     2429 |     10451
                                   2089      442      630      462      731      547     1919     2241 |      9061
                        cyc_3h     1833      436      603      466      780      562     2167     2451 |      9298
                                   1470      362      519      432      710      613     2410     2698 |      9214
                                   1264      374      494      422      757      570     2793     3343 |     10017
                                   1505      430      759      535     1036      801     4416     5792 |     15274
                                   2144      655     1138      820     1777     1462    10623    20337 |     38956

                    SUM           51790     6846     8438     6210     9476     7388    32173    48437 |    170758

