 <pre>

 Contingency table for Cloud cover (octas)
 Selection: ALL    405 stations
Period: 20220816-20220831
Used {00,03,...,21} + 00 01 ... 09
 Limits   0.500000000       1.50000000       2.50000000       3.50000000       4.50000000       5.50000000       6.50000000       7.50000000    
 Each class is data <= limit, the very last > last limit
 Total number of values      273842
                                                       OBSERVATION
                                  29605     7116     6459     3374     1791     2115     1920     1902     2719 |     57001
                                   7268     2187     2278     1807     1249     1454     1643     1851     2871 |     22608
                                   3922     1314     1313     1085      746     1040     1190     1487     2467 |     14564
                                   2709      932     1013      836      680      886     1136     1432     2539 |     12163
                  Prod_Stratus     2523      914      940      812      642      980     1237     1587     2736 |     12371
                                   2284      848      971      915      735     1114     1344     1868     3363 |     13442
                                   2554      905     1035      987      868     1315     1846     2580     4703 |     16793
                                   2949     1060     1368     1354     1106     1766     2654     4295     8353 |     24905
                                   5163     2301     2198     2714     2271     4362     7786    19095    54105 |     99995

                    SUM           58977    17577    17575    13884    10088    15032    20756    36097    83856 |    273842
                                                       OBSERVATION
                                  29592     7138     6465     3352     1803     2135     1924     1925     2699 |     57033
                                   7430     2248     2276     1865     1272     1492     1650     1894     2980 |     23107
                                   3978     1311     1368     1104      775     1073     1239     1514     2525 |     14887
                                   2840      942     1010      862      678      899     1152     1484     2584 |     12451
                       Prod_EC     2526      913      972      870      663      991     1232     1602     2825 |     12594
                                   2328      864      998      872      747     1123     1401     2006     3456 |     13795
                                   2410      939     1058      957      841     1319     1852     2607     4851 |     16834
                                   2937     1053     1293     1406     1144     1794     2719     4339     8596 |     25281
                                   4936     2169     2135     2596     2165     4206     7587    18726    53340 |     97860

                    SUM           58977    17577    17575    13884    10088    15032    20756    36097    83856 |    273842
                                                       OBSERVATION
                                  30202     7372     6579     3446     1939     2298     2101     2038     3184 |     59159
                                   7324     2359     2375     1887     1255     1523     1655     2099     3293 |     23770
                                   3811     1213     1411     1081      770     1126     1250     1614     2743 |     15019
                                   2863      988     1038      866      690      936     1171     1490     2681 |     12723
                        cyc_2h     2482      866      925      889      684      951     1197     1625     3014 |     12633
                                   2254      826      911      891      732     1011     1397     1889     3495 |     13406
                                   2414      825     1035      993      802     1307     1848     2548     5044 |     16816
                                   2914     1090     1285     1336     1084     1804     2690     4304     8536 |     25043
                                   4713     2038     2016     2495     2132     4076     7447    18490    51866 |     95273

                    SUM           58977    17577    17575    13884    10088    15032    20756    36097    83856 |    273842
                                                       OBSERVATION
                                  30782     7488     6571     3548     1976     2405     2167     2155     3272 |     60364
                                   7526     2340     2431     1849     1239     1551     1610     2006     3320 |     23872
                                   3800     1240     1311     1141      842     1125     1285     1650     2768 |     15162
                                   2755      973     1027      876      694      924     1120     1519     2785 |     12673
                        cyc_3h     2392      878      982      898      676      941     1162     1796     2961 |     12686
                                   2280      835      973      866      748     1112     1482     1998     3728 |     14022
                                   2249      855     1047     1026      787     1305     1796     2635     5100 |     16800
                                   2758     1013     1291     1304     1077     1825     2768     4440     8931 |     25407
                                   4435     1955     1942     2376     2049     3844     7366    17898    50991 |     92856

                    SUM           58977    17577    17575    13884    10088    15032    20756    36097    83856 |    273842

