 <pre>

 Contingency table for Cloud base (m)
 Selection: ALL    644 stations
Period: 20220816-20220831
Used {00,03,...,21} + 00 01 ... 09
 Limits    70.0000000       150.000000       300.000000       600.000000       1000.00000       1500.00000       2500.00000       5000.00000    
 Each class is data <= limit, the very last > last limit
 Total number of values      394023
                                                       OBSERVATION
                                   1924      639      367      158      130       47       51      115      636 |      4067
                                    572      822      739      213       58       44       37       47      112 |      2644
                                    580     1575     3088     1452      324      131      119      120      233 |      7622
                                    453     1273     5187     7562     2478      696      330      281      476 |     18736
                  Prod_Stratus      461      858     3209     9106    10996     3401     1138      756     1727 |     31652
                                    488      764     2113     4549     8993    11668     3895     1879     3348 |     37697
                                    542      993     2074     3085     3933     6633    10451     4684     5615 |     38010
                                    589     1128     2486     3096     4474     2990     4786    15870     4544 |     39963
                                   4656     3021     6323    11637    17807    18832    17898    25303   108155 |    213632

                    SUM           10265    11073    25586    40858    49193    44442    38705    49055   124846 |    394023
                                                       OBSERVATION
                                   1929      588      343      161      131       52       52      118      655 |      4029
                                    580      823      726      198       63       40       28       51      115 |      2624
                                    579     1565     3051     1452      292      129      119      120      225 |      7532
                                    410     1249     5046     7324     2416      643      299      275      430 |     18092
                       Prod_EC      465      875     3126     8953    10689     3303     1097      752     1594 |     30854
                                    470      731     2091     4429     8819    11305     3847     1790     3072 |     36554
                                    542      948     1991     3016     3855     6438    10070     4537     5284 |     36681
                                    589     1138     2606     3219     4564     3072     4869    15956     4596 |     40609
                                   4701     3156     6606    12106    18364    19460    18324    25456   108875 |    217048

                    SUM           10265    11073    25586    40858    49193    44442    38705    49055   124846 |    394023
                                                       OBSERVATION
                                   1461      293      146      115      107       38       40       51      608 |      2859
                                    413      420      394      152       48       22       14       23      102 |      1588
                                    468     1131     1994      972      291       96       85       63      120 |      5220
                                    317     1167     4446     5824     2131      574      294      261      314 |     15328
                        cyc_2h      370      863     2997     8184     9638     3460     1165      838     1234 |     28749
                                    474      685     2147     4063     8487    11160     3918     1737     2908 |     35579
                                    628      966     2257     3286     3992     6324     9335     4172     5112 |     36072
                                    886     1566     3155     4073     4978     3566     5494    15643     5139 |     44500
                                   5248     3982     8050    14189    19521    19202    18360    26267   109309 |    224128

                    SUM           10265    11073    25586    40858    49193    44442    38705    49055   124846 |    394023
                                                       OBSERVATION
                                   1491      330      187      122      121       29       60       50      635 |      3025
                                    396      463      429      172       45       30       18       12       95 |      1660
                                    460     1264     2049      909      271      112       81       63      122 |      5331
                                    369     1090     4520     5944     2160      592      304      255      335 |     15569
                        cyc_3h      353      847     2950     8289     9358     3346     1135      785     1135 |     28198
                                    409      709     2162     4208     8659    10987     3793     1699     2793 |     35419
                                    673     1029     2178     3143     3800     6361     9611     4173     5244 |     36212
                                    753     1393     2974     3806     4953     3520     5180    15497     4507 |     42583
                                   5361     3948     8137    14265    19826    19465    18523    26521   109980 |    226026

                    SUM           10265    11073    25586    40858    49193    44442    38705    49055   124846 |    394023

